learned:
  CoeffDrag: 0.16072732210159302
  Ixx: 0.027713103219866753
  Iyy: 0.02243715710937977
  Izz: 0.0492202565073967
  Lmx: 0.48605427145957947
  coeffMot0: 1.7221245765686035
  coeffMot1: 2.5304794311523438
  fm_model: &id001
    assume_sym: true
    order: 1
    use_constant_term: true
  gravity: 9.81
  mass: 1.5000804662704468
prior:
  Ixx: 0.025
  Iyy: 0.025
  Izz: 0.05
  fm_model: *id001
  gravity: 9.81
  mass: 1.5
