learned:
  CoeffDrag: 0.10729928314685822
  Ixx: 0.36484256386756897
  Iyy: 1.8432027101516724
  Izz: 4.225493431091309
  Lmx: 0.48359215259552
  Lmy: 1.4287209510803223
  coeffMot0: 7.654171943664551
  coeffMot1: 0.023041168227791786
  fm_model: &id001
    assume_sym: false
    learn_mixer: false
    order: 1
    use_constant_term: true
  gravity: 9.81
  mass: 2.0222229957580566
prior:
  Ixx: 0.011
  Iyy: 0.015
  Izz: 0.021
  fm_model: *id001
  gravity: 9.81
  mass: 2.02
