learned:
  CoeffDrag: 0.9998326897621155
  Ixx: 0.009201581589877605
  Iyy: 0.012907447293400764
  Izz: 0.03672778606414795
  Lmx: 1.029218316078186
  coeffMot0: 0.3698731064796448
  coeffMot1: -0.24273142218589783
  coeffMot2: 3.292036294937134
  fm_model: &id001
    assume_sym: true
    order: 2
    use_constant_term: true
  gravity: 9.81
  mass: 2.019991636276245
prior:
  Ixx: 0.011
  Iyy: 0.015
  Izz: 0.021
  fm_model: *id001
  gravity: 9.81
  mass: 2.02
