cartpole_bb_learned_sde_PPO:
  _gap: 59.044286823372786
  _max_rew_per_seed: 31.56721032340912
  _max_rew_per_seed_gt: -23.55198561642498
  _max_rew_per_seed_gt_scaled: -1.0070084576501979
  _max_rew_per_seed_scaled: 1.349714130171963
  _std_max_rew_per_seed: 24.098393289265534
  _std_max_rew_per_seed_gt: 32.56852841722832
  _std_max_rew_per_seed_gt_scaled: 1.3925273267192173
  _std_max_rew_per_seed_scaled: 1.030371122558233
  best_mean_reward: 19.798828469652808
  best_mean_reward_gt: -52.52162676290338
  best_mean_reward_gt_scaled: -4.107283667622419
  best_mean_reward_scaled: 1.5483032385603788
  std_best_reward: 38.83059714838005
  std_best_reward_gt: 64.93923898632067
  std_best_reward_gt_scaled: 5.078362802439586
  std_best_reward_scaled: 3.0366210512012444
cartpole_bb_learned_si_sde_PPO:
  _gap: 42.052757788245074
  _max_rew_per_seed: 45.61517289138281
  _max_rew_per_seed_gt: 16.486527264155825
  _max_rew_per_seed_gt_scaled: 0.7049117922655036
  _max_rew_per_seed_scaled: 1.9503606042780484
  _std_max_rew_per_seed: 18.035075157057673
  _std_max_rew_per_seed_gt: 31.81810355609635
  _std_max_rew_per_seed_gt_scaled: 1.3604415317336829
  _std_max_rew_per_seed_scaled: 0.7711228052401821
  best_mean_reward: 34.83507241043674
  best_mean_reward_gt: 2.6829278800944314
  best_mean_reward_gt_scaled: 0.2098096830295426
  best_mean_reward_scaled: 2.724163983300084
  std_best_reward: 30.182256373553557
  std_best_reward_gt: 60.50227376197907
  std_best_reward_gt_scaled: 4.731384311426459
  std_best_reward_scaled: 2.360305578780141
cartpole_bb_random_sde_PPO:
  _gap: 24.311261468693314
  _max_rew_per_seed: 36.665501178937305
  _max_rew_per_seed_gt: 16.115021294289757
  _max_rew_per_seed_gt_scaled: 0.6890273713162242
  _max_rew_per_seed_scaled: 1.5677009315691717
  _std_max_rew_per_seed: 18.943130987945583
  _std_max_rew_per_seed_gt: 21.68136060699582
  _std_max_rew_per_seed_gt_scaled: 0.9270264452514879
  _std_max_rew_per_seed_scaled: 0.8099484022244547
  best_mean_reward: 32.09796382886039
  best_mean_reward_gt: 8.451471328088639
  best_mean_reward_gt_scaled: 0.6609199351333787
  best_mean_reward_scaled: 2.5101172740393927
  std_best_reward: 28.847185203168202
  std_best_reward_gt: 35.88094187660011
  std_best_reward_gt_scaled: 2.8059528166168746
  std_best_reward_scaled: 2.2559006631062344
groundtruth_PPO:
  _gap: 0.0
  _max_rew_per_seed: 23.388071309135096
  _max_rew_per_seed_gt: 23.388071309135096
  _max_rew_per_seed_gt_scaled: 1.0
  _max_rew_per_seed_scaled: 1.0
  _std_max_rew_per_seed: 18.946125531623814
  _std_max_rew_per_seed_gt: 18.946125531623814
  _std_max_rew_per_seed_gt_scaled: 0.8100764394464492
  _std_max_rew_per_seed_scaled: 0.8100764394464492
  best_mean_reward: 12.78743593410156
  best_mean_reward_gt: 12.78743593410156
  best_mean_reward_gt_scaled: 1.0
  best_mean_reward_scaled: 1.0
  std_best_reward: 30.16504453585115
  std_best_reward_gt: 30.16504453585115
  std_best_reward_gt_scaled: 2.3589595827735055
  std_best_reward_scaled: 2.3589595827735055
