cartpole_bb_learned_ode_sde_PPO:
  _gap: 49.67155799056719
  _max_rew_per_seed: -15.005079930749375
  _max_rew_per_seed_gt: -93.04527223050795
  _max_rew_per_seed_gt_scaled: -3.4193800628944984
  _max_rew_per_seed_scaled: -0.551431254134369
  _std_max_rew_per_seed: 9.175737465463467
  _std_max_rew_per_seed_gt: 27.783526226999534
  _std_max_rew_per_seed_gt_scaled: 1.0210345284621452
  _std_max_rew_per_seed_scaled: 0.3372050293327256
  best_mean_reward: -16.134038635035164
  best_mean_reward_gt: -116.0671997609332
  best_mean_reward_gt_scaled: -12.293278438996959
  best_mean_reward_scaled: -1.7088396178640348
  std_best_reward: 40.88819286181423
  std_best_reward_gt: 51.064084538296264
  std_best_reward_gt_scaled: 5.408461742462461
  std_best_reward_scaled: 4.33068033650344
cartpole_bb_learned_ode_v2_sde_PPO:
  _gap: 66.49006395682039
  _max_rew_per_seed: -17.27180098422431
  _max_rew_per_seed_gt: -96.66597353111766
  _max_rew_per_seed_gt_scaled: -3.552439524640494
  _max_rew_per_seed_scaled: -0.6347324320727152
  _std_max_rew_per_seed: 16.86409555314435
  _std_max_rew_per_seed_gt: 14.728852270599553
  _std_max_rew_per_seed_gt_scaled: 0.5412799876455532
  _std_max_rew_per_seed_scaled: 0.6197494051101532
  best_mean_reward: -20.32740296569461
  best_mean_reward_gt: -122.00961572104791
  best_mean_reward_gt_scaled: -12.922670499359372
  best_mean_reward_scaled: -2.1529805587942374
  std_best_reward: 32.70604182148616
  std_best_reward_gt: 48.16413826363528
  std_best_reward_gt_scaled: 5.101313408687128
  std_best_reward_scaled: 3.4640663303426966
cartpole_bb_learned_sde_PPO:
  _gap: 78.2582847517844
  _max_rew_per_seed: 34.92428510496069
  _max_rew_per_seed_gt: -48.35719980093694
  _max_rew_per_seed_gt_scaled: -1.7771095826028827
  _max_rew_per_seed_scaled: 1.2834548315673615
  _std_max_rew_per_seed: 25.067864358308917
  _std_max_rew_per_seed_gt: 24.661120849263483
  _std_max_rew_per_seed_gt_scaled: 0.9062872614494262
  _std_max_rew_per_seed_scaled: 0.9212349381255301
  best_mean_reward: 32.84189414627592
  best_mean_reward_gt: -57.86395950949687
  best_mean_reward_gt_scaled: -6.1286717289488575
  best_mean_reward_scaled: 3.478455153874801
  std_best_reward: 38.34206070059352
  std_best_reward_gt: 42.63499903027584
  std_best_reward_gt_scaled: 4.515693627528696
  std_best_reward_scaled: 4.0610062884964115
groundtruth_PPO:
  _gap: 0.0
  _max_rew_per_seed: 27.211152465966393
  _max_rew_per_seed_gt: 27.211152465966393
  _max_rew_per_seed_gt_scaled: 1.0
  _max_rew_per_seed_scaled: 1.0
  _std_max_rew_per_seed: 20.44399081971099
  _std_max_rew_per_seed_gt: 20.44399081971099
  _std_max_rew_per_seed_gt_scaled: 0.7513092598808799
  _std_max_rew_per_seed_scaled: 0.7513092598808799
  best_mean_reward: 9.441517194692569
  best_mean_reward_gt: 9.441517194692569
  best_mean_reward_gt_scaled: 1.0
  best_mean_reward_scaled: 1.0
  std_best_reward: 43.88790761520453
  std_best_reward_gt: 43.88790761520453
  std_best_reward_gt_scaled: 4.64839566673411
  std_best_reward_scaled: 4.64839566673411
