learned:
  CoeffDrag: 0.03663518652319908
  Ixx: 0.05243903771042824
  Iyy: 0.055630434304475784
  Izz: 0.22527797520160675
  Lmx: 0.2723625600337982
  Lmy: 0.16013741493225098
  coeffMot0: 9.65213680267334
  coeffMot1: 0.5904436707496643
  fm_model: &id001
    assume_sym: false
    learn_mixer: false
    order: 1
    use_constant_term: true
  gravity: 9.81
  mass: 2.2999444007873535
prior:
  Ixx: 0.008
  Iyy: 0.008
  Izz: 0.011
  fm_model: *id001
  gravity: 9.81
  mass: 2.3
